"","returnPortEW6","returnPortGASnormal6CRRA","returnPortGASnormal6MeanVar","returnPortGASnormal6MinVar","returnPortSample6CRRA","returnPortSample6MeanVar","returnPortSample6MinVar"
"1",-3.61188333333333,-1.73580052606997,-1.73827333940911,-1.7380616141367,-1.52932316257745,-1.53122894132044,-1.53091098905514
"2",4.08218333333333,2.01176096433706,2.00498720417127,2.00558409853031,2.2978662776213,2.29295697108384,2.29379109381655
"3",1.18965,3.01702161092357,3.01099235844708,3.01152683675899,3.23327772496732,3.22943347253782,3.23011614761131
"4",1.47621666666667,-0.630889283374029,-0.627256756758865,-0.627585045619926,-0.765833362623439,-0.763571706432537,-0.763979723591209
"5",-3.99853333333333,-2.54501687619793,-2.55387598642183,-2.55305204241832,-2.28203111967033,-2.28601811033875,-2.28528506588572
"6",6.21363333333333,6.20794971642567,6.20697892425005,6.20707544753141,6.30256409529309,6.3011371745449,6.30139906134824
"7",0.1227,-1.48346798359923,-1.48523332479049,-1.48505190665964,-1.44914041042736,-1.45010544429615,-1.44993192724848
"8",-0.47495,0.779944761088539,0.783769365785682,0.783375739320243,0.678543338492556,0.682684376450987,0.681941703441488
"9",1.65908333333333,1.36530898824736,1.36501370011267,1.36504184599502,1.37302718640292,1.37280744369657,1.37284164803233
"10",-0.31355,-1.95957063786594,-1.96334258763946,-1.96296786436332,-1.88446313001303,-1.88726742892411,-1.88681425646322
"11",-0.6988,1.52044614168743,1.49900046619189,1.50116246849107,2.09321699568737,2.07756528506127,2.08031488549328
"12",-5.87218333333333,-5.76116412496726,-5.75638100662932,-5.75684995938777,-5.93990056557304,-5.93562879323102,-5.93640872824293
"13",-4.39175,-2.46301145232686,-2.47191779762241,-2.47093113399062,-2.52166263534152,-2.52754097483821,-2.52633542738904
"14",6.63605,8.07201250459072,8.08294314324689,8.08170021753561,8.2124440130077,8.21938762165951,8.21787351966105
"15",2.42195,0.215797424545001,0.208644729182405,0.209424668352241,0.189165772234074,0.181642462676183,0.183113396724747
"16",-3.7795,-1.6898487199663,-1.70663833624933,-1.70417630929683,-1.69866098179234,-1.70965579904445,-1.70742305441372
"17",-7.7941,-5.18744368760191,-5.18737916991779,-5.18738611151213,-5.1879286638868,-5.18786445409749,-5.18787832684558
"18",-0.12345,0.119091938846836,0.122165503821711,0.121827663852764,0.253417041338989,0.256900429598739,0.256119075161756
"19",7.64423333333333,6.63991421863591,6.64166862964704,6.64146953898096,6.68106729998877,6.68234338804273,6.68204031798021
"20",2.11283333333333,0.207350008827114,0.227365559626004,0.225220799760991,0.157272371708599,0.174517718910874,0.170853752526622
"21",1.41336666666667,2.0079757385514,2.0030655500544,2.00359932025979,2.03667323544162,2.03313712645629,2.0338759213959
"22",-0.337566666666667,0.24870260113017,0.255182366755918,0.25448269540184,0.218866772384727,0.224179148306308,0.223131010977786
"23",4.8967,3.54273383495595,3.49850065258757,3.50329241824331,3.73635242204076,3.70630531693604,3.71265069816655
"24",1.804,0.0560335079958626,0.0681780725849865,0.0669078114617345,-0.0980622154185458,-0.0890223216237383,-0.0908775101823516
"25",0.988516666666667,0.0500176870825547,0.0354367401129296,0.0371169612592169,0.218665018225265,0.20771906299053,0.210130175743785
"26",-3.27408333333333,-2.11876327414744,-2.12020797117797,-2.12004381446024,-2.10306253460603,-2.10414038445236,-2.10391329712601
"27",9.24835,3.35544980034398,3.47609211598299,3.46265174499977,3.21842284047569,3.2967684995249,3.2803031829658
"28",2.28211666666667,1.65249714223401,1.67500571241697,1.67236560718199,1.56947480973651,1.58176980199549,1.57903067896134
"29",0.990616666666667,1.85086805049727,1.75561319731523,1.76630067222445,2.28493782878081,2.23366864088899,2.24466346228707
"30",2.66843333333333,3.2475745572266,3.18625623571015,3.19297711259705,3.63565520365105,3.60248200616138,3.6093527000698
"31",0.03425,0.174809308241489,0.0999370822854551,0.107391796154328,0.542411401290038,0.508239009628477,0.515096899642462
"32",0.97245,1.13148393075532,1.06895557594096,1.07526714417958,1.46863502936698,1.44048113715722,1.44609489636617
"33",-0.82975,0.838981162375316,0.710769966196218,0.724113413524631,1.73982212373526,1.68013646169646,1.69281018963315
"34",2.59681666666667,0.413730301615315,0.437954576777764,0.43537695879237,0.155554792423982,0.167176142423515,0.164804612134
"35",1.3637,1.79267337679748,1.75855136177726,1.76229554211739,2.17827615103383,2.16177131349597,2.16509120956272
"36",-0.843066666666667,0.203207855531848,0.161201175520809,0.165899954386127,0.8817466981844,0.862445626677162,0.866020018888095
"37",5.1474,2.4069257422096,2.42174822673802,2.41993870643913,1.72544142234328,1.73187185010351,1.73066469950465
"38",1.4696,1.51277024236918,1.47609836562839,1.48042811917269,2.67266890542695,2.65531338444895,2.6586079985302
"39",2.93695,3.17500404578871,3.17346966748781,3.17365210328033,3.39472394770941,3.39567042943492,3.39550749834047
"40",0.7006,1.10797562903562,1.10636954722365,1.10655364852095,0.913359825195311,0.909807586552036,0.910366844283766
"41",4.17901666666667,5.80534514457547,5.80153509851389,5.80198194018837,6.48535527854183,6.49302010411966,6.49174047856504
"42",-3.67623333333333,-3.89262740774496,-3.88755075207502,-3.88813533852415,-2.65337254774172,-2.63092773700193,-2.63450125504204
"43",-0.655033333333333,-2.29454473278605,-2.29442709092115,-2.2944407012625,-2.29441959471224,-2.29421121256943,-2.29424450505067
"44",0.955783333333333,0.569438772832045,0.573946934588898,0.573427299835739,0.559919843868476,0.567837652131808,0.566567505922206
"45",4.4585,3.79291437772718,3.8078,3.8078,3.75205104477027,3.78512576911006,3.78013515929875
"46",0.672733333333333,0.982484146024633,0.996072800647427,0.994606387377037,1.1606740280313,1.18014896666983,1.17744126143885
"47",2.62676666666667,3.34194781008508,3.33980610818055,3.34003321864078,3.30513020286469,3.30169314909649,3.30217710747759
"48",3.20945,4.67026437489494,4.70289418420197,4.69920524680243,5.10244722520363,5.15308733267324,5.14573145822062
"49",-1.23256666666667,0.456015500051632,0.468779483893238,0.467338218962745,0.725838562835901,0.741203448787011,0.739031964710289
"50",-8.95705,-6.87561492809824,-6.94552432968245,-6.93778713473587,-8.30191762910985,-8.38812129908335,-8.37607994560489
"51",1.68333333333333,2.3736,2.3736,2.3736,1.54101292126607,1.52124777789847,1.52414583337285
"52",-10.9981833333333,-9.7007,-9.7007,-9.7007,-8.52555711008959,-8.49567459114401,-8.50013706038208
"53",9.94056666666667,8.22943149301548,8.23941532778606,8.23812664469805,8.36660139139294,8.3738,8.3738
"54",3.99891666666667,3.85058375737354,3.84436494093446,3.84516240807657,3.76662826281511,3.7626,3.7626
"55",-1.02961666666667,2.21390728201661,2.31041159843718,2.3002340874582,2.8217,2.8217,2.8217
"56",4.07136666666667,3.84693318268904,3.88994717037231,3.88549982513351,4.15941703104119,4.1964,4.1964
"57",-7.77931666666667,-6.54181909140961,-6.53120375318949,-6.53230088905716,-6.4401706284354,-6.43,-6.43
"58",7.28306666666667,7.20475751352627,7.20205250346603,7.2023308155742,7.15193241440555,7.1503,7.1503
"59",0.646083333333333,1.36751099820311,1.39811430790235,1.39504695816385,1.8012,1.8012,1.8012
"60",-4.91663333333333,-1.93516630110504,-1.85929811392146,-1.86698342653795,-1.0495,-1.0495,-1.0495
"61",2.82071666666667,1.51190119044576,1.33514939273574,1.35221515278018,0.3041,0.3041,0.3041
"62",2.39258333333333,2.36845748650855,2.39899183132901,2.39606454405334,2.5296,2.5296,2.5296
"63",3.94551666666667,4.10509377672139,4.15067896019357,4.14643813717098,4.3396,4.3396,4.3396
"64",3.57293333333333,2.72653881404821,2.73140444672714,2.73094997874903,2.7579,2.7579,2.7579
